[{
    "newyork": 18.545112039007147,
    "paris": 14.035125571142963,
    "sanfransisco": 16.63379154145339,
    "mountainview": 50.7859708483965
}, {
    "newyork": 0.17941719342432658,
    "paris": 0.13578471966283592,
    "sanfransisco": 0.16092586489073843,
    "mountainview": 0.4913357404249357
}]
